0
0.0627905
0.125333
0.187381
0.24869
0.309017
0.368125
0.425779
0.481754
0.535827
0.587785
0.637424
0.684547
0.728969
0.770513
0.809017
0.844328
0.876307
0.904827
0.929777
0.951057
0.968583
0.982287
0.992115
0.998027
1
0.998027
0.992115
0.982287
0.968583
0.951056
0.929776
0.904827
0.876307
0.844328
0.809017
0.770513
0.728969
0.684547
0.637424
0.587786
0.535827
0.481754
0.42578
0.368125
0.309018
0.248691
0.187382
0.125334
0.0627916
1.12352e-06
-0.0627893
-0.125332
-0.18738
-0.248689
-0.309016
-0.368123
-0.425778
-0.481752
-0.535825
-0.587784
-0.637423
-0.684546
-0.728967
-0.770512
-0.809016
-0.844327
-0.876306
-0.904826
-0.929776
-0.951056
-0.968583
-0.982287
-0.992114
-0.998027
-1
-0.998027
-0.992115
-0.982288
-0.968584
-0.951057
-0.929778
-0.904828
-0.876308
-0.84433
-0.809019
-0.770515
-0.728971
-0.68455
-0.637427
-0.587788
-0.53583
-0.481757
-0.425783
-0.368128
-0.309021
-0.248694
-0.187385
-0.125337
-0.0627946
-4.11958e-06
0.0627867
0.125329
0.187377
0.248686
0.309013
0.368121
0.425776
0.48175
0.535823
0.587782
0.637421
0.684544
0.728966
0.77051
0.809014
0.844325
0.876304
0.904825
0.929775
0.951055
0.968582
0.982286
0.992114
0.998026
1
0.998027
0.992115
0.982288
0.968585
0.951058
0.929779
0.904829
0.876309
0.844331
0.80902
0.770517
0.728973
0.684551
0.637429
0.58779
0.535832
0.481759
0.425785
0.36813
0.309023
0.248696
0.187388
0.12534
0.0627972
6.74113e-06
-0.0627837
-0.125326
-0.187375
-0.248683
-0.30901
-0.368118
-0.425773
-0.481747
-0.535821
-0.587779
-0.637418
-0.684542
-0.728963
-0.770508
-0.809013
-0.844324
-0.876303
-0.904824
-0.929774
-0.951054
-0.968581
-0.982286
-0.992114
-0.998026
-1
-0.998027
-0.992116
-0.982289
-0.968585
-0.951059
-0.92978
-0.904831
-0.876311
-0.844333
-0.809022
-0.770519
-0.728975
-0.684554
-0.637431
-0.587793
-0.535835
-0.481762
-0.425788
-0.368133
-0.309026
-0.248699
-0.187391
-0.125343
-0.0628002
-9.73718e-06
